{
 "cells": [
  {
   "cell_type": "code",
   "execution_count": 1,
   "metadata": {},
   "outputs": [],
   "source": [
    "import numpy as np\n",
    "import pickle"
   ]
  },
  {
   "cell_type": "code",
   "execution_count": 2,
   "metadata": {},
   "outputs": [],
   "source": [
    "output_3d = None\n",
    "output_2d = None\n",
    "\n",
    "with open(\"outputs/open_arms_2d\", \"rb\") as f:\n",
    "    output_2d = pickle.load(f)\n",
    "with open(\"outputs/open_arms_3d\", \"rb\") as f:\n",
    "    output_3d = pickle.load(f)"
   ]
  },
  {
   "cell_type": "markdown",
   "metadata": {},
   "source": [
    "#### Explanation of general Structure"
   ]
  },
  {
   "cell_type": "raw",
   "metadata": {},
   "source": [
    "There are total 19 elements in arrays.\n",
    "index : limb\n",
    "0 : neck\n",
    "1 : nose\n",
    "2 : body center (This is missing info)\n",
    "3 : left shoulder\n",
    "4 : left elbow\n",
    "5 : left wrist\n",
    "6 : left hip\n",
    "7 : left knee\n",
    "8 : left ankle\n",
    "9 : right shoulder\n",
    "10: right elbow \n",
    "11: right wrist\n",
    "12: right hip\n",
    "13: right knee\n",
    "14: right ankle\n",
    "15: right eye\n",
    "16: left eye\n",
    "17: right ear\n",
    "18: left ear"
   ]
  },
  {
   "cell_type": "code",
   "execution_count": 3,
   "metadata": {},
   "outputs": [
    {
     "data": {
      "text/plain": [
       "(1, 58)"
      ]
     },
     "execution_count": 3,
     "metadata": {},
     "output_type": "execute_result"
    }
   ],
   "source": [
    "output_2d.shape"
   ]
  },
  {
   "cell_type": "code",
   "execution_count": 4,
   "metadata": {},
   "outputs": [
    {
     "data": {
      "text/plain": [
       "array([[ 4.6800000e+02,  2.0400000e+02,  9.4679272e-01,  4.6800000e+02,\n",
       "         8.4000000e+01,  7.9522622e-01, -1.0000000e+00, -1.0000000e+00,\n",
       "        -1.0000000e+00,  5.5600000e+02,  2.0400000e+02,  9.0535182e-01,\n",
       "         6.9200000e+02,  2.3600000e+02,  9.7329307e-01,  8.2000000e+02,\n",
       "         2.1200000e+02,  9.2068040e-01,  5.3200000e+02,  5.0000000e+02,\n",
       "         7.8664982e-01,  5.4800000e+02,  7.2400000e+02,  8.5479528e-01,\n",
       "         5.7200000e+02,  9.3200000e+02,  8.6326826e-01,  3.7200000e+02,\n",
       "         2.1200000e+02,  9.0301907e-01,  2.4400000e+02,  2.3600000e+02,\n",
       "         9.3274993e-01,  1.0800000e+02,  2.2800000e+02,  9.4893259e-01,\n",
       "         4.2800000e+02,  5.0000000e+02,  7.7029103e-01,  4.1200000e+02,\n",
       "         7.2400000e+02,  8.6066049e-01,  3.9600000e+02,  9.2400000e+02,\n",
       "         8.7252277e-01,  4.6000000e+02,  7.6000000e+01,  7.6979285e-01,\n",
       "         4.9200000e+02,  7.6000000e+01,  7.8465724e-01,  4.2800000e+02,\n",
       "         1.1600000e+02,  7.2674561e-01,  5.0800000e+02,  1.1600000e+02,\n",
       "         6.5291649e-01,  5.0825726e+02]], dtype=float32)"
      ]
     },
     "execution_count": 4,
     "metadata": {},
     "output_type": "execute_result"
    }
   ],
   "source": [
    "output_2d"
   ]
  },
  {
   "cell_type": "code",
   "execution_count": 8,
   "metadata": {},
   "outputs": [
    {
     "data": {
      "text/plain": [
       "array([ 4.6800000e+02,  2.0400000e+02,  9.4679272e-01,  4.6800000e+02,\n",
       "        8.4000000e+01,  7.9522622e-01, -1.0000000e+00, -1.0000000e+00,\n",
       "       -1.0000000e+00,  5.5600000e+02,  2.0400000e+02,  9.0535182e-01,\n",
       "        6.9200000e+02,  2.3600000e+02,  9.7329307e-01,  8.2000000e+02,\n",
       "        2.1200000e+02,  9.2068040e-01,  5.3200000e+02,  5.0000000e+02,\n",
       "        7.8664982e-01,  5.4800000e+02,  7.2400000e+02,  8.5479528e-01,\n",
       "        5.7200000e+02,  9.3200000e+02,  8.6326826e-01,  3.7200000e+02,\n",
       "        2.1200000e+02,  9.0301907e-01,  2.4400000e+02,  2.3600000e+02,\n",
       "        9.3274993e-01,  1.0800000e+02,  2.2800000e+02,  9.4893259e-01,\n",
       "        4.2800000e+02,  5.0000000e+02,  7.7029103e-01,  4.1200000e+02,\n",
       "        7.2400000e+02,  8.6066049e-01,  3.9600000e+02,  9.2400000e+02,\n",
       "        8.7252277e-01,  4.6000000e+02,  7.6000000e+01,  7.6979285e-01,\n",
       "        4.9200000e+02,  7.6000000e+01,  7.8465724e-01,  4.2800000e+02,\n",
       "        1.1600000e+02,  7.2674561e-01,  5.0800000e+02,  1.1600000e+02,\n",
       "        6.5291649e-01,  5.0825726e+02], dtype=float32)"
      ]
     },
     "execution_count": 8,
     "metadata": {},
     "output_type": "execute_result"
    }
   ],
   "source": [
    "output_2d[0]"
   ]
  },
  {
   "cell_type": "code",
   "execution_count": 9,
   "metadata": {},
   "outputs": [
    {
     "data": {
      "text/plain": [
       "array([ 4.6800000e+02,  2.0400000e+02,  9.4679272e-01,  4.6800000e+02,\n",
       "        8.4000000e+01,  7.9522622e-01, -1.0000000e+00, -1.0000000e+00,\n",
       "       -1.0000000e+00,  5.5600000e+02,  2.0400000e+02,  9.0535182e-01,\n",
       "        6.9200000e+02,  2.3600000e+02,  9.7329307e-01,  8.2000000e+02,\n",
       "        2.1200000e+02,  9.2068040e-01,  5.3200000e+02,  5.0000000e+02,\n",
       "        7.8664982e-01,  5.4800000e+02,  7.2400000e+02,  8.5479528e-01,\n",
       "        5.7200000e+02,  9.3200000e+02,  8.6326826e-01,  3.7200000e+02,\n",
       "        2.1200000e+02,  9.0301907e-01,  2.4400000e+02,  2.3600000e+02,\n",
       "        9.3274993e-01,  1.0800000e+02,  2.2800000e+02,  9.4893259e-01,\n",
       "        4.2800000e+02,  5.0000000e+02,  7.7029103e-01,  4.1200000e+02,\n",
       "        7.2400000e+02,  8.6066049e-01,  3.9600000e+02,  9.2400000e+02,\n",
       "        8.7252277e-01,  4.6000000e+02,  7.6000000e+01,  7.6979285e-01,\n",
       "        4.9200000e+02,  7.6000000e+01,  7.8465724e-01,  4.2800000e+02,\n",
       "        1.1600000e+02,  7.2674561e-01,  5.0800000e+02,  1.1600000e+02,\n",
       "        6.5291649e-01], dtype=float32)"
      ]
     },
     "execution_count": 9,
     "metadata": {},
     "output_type": "execute_result"
    }
   ],
   "source": [
    "output_2d[0][0:-1]"
   ]
  },
  {
   "cell_type": "code",
   "execution_count": 10,
   "metadata": {},
   "outputs": [
    {
     "data": {
      "text/plain": [
       "array([[ 4.6800000e+02,  2.0400000e+02,  9.4679272e-01],\n",
       "       [ 4.6800000e+02,  8.4000000e+01,  7.9522622e-01],\n",
       "       [-1.0000000e+00, -1.0000000e+00, -1.0000000e+00],\n",
       "       [ 5.5600000e+02,  2.0400000e+02,  9.0535182e-01],\n",
       "       [ 6.9200000e+02,  2.3600000e+02,  9.7329307e-01],\n",
       "       [ 8.2000000e+02,  2.1200000e+02,  9.2068040e-01],\n",
       "       [ 5.3200000e+02,  5.0000000e+02,  7.8664982e-01],\n",
       "       [ 5.4800000e+02,  7.2400000e+02,  8.5479528e-01],\n",
       "       [ 5.7200000e+02,  9.3200000e+02,  8.6326826e-01],\n",
       "       [ 3.7200000e+02,  2.1200000e+02,  9.0301907e-01],\n",
       "       [ 2.4400000e+02,  2.3600000e+02,  9.3274993e-01],\n",
       "       [ 1.0800000e+02,  2.2800000e+02,  9.4893259e-01],\n",
       "       [ 4.2800000e+02,  5.0000000e+02,  7.7029103e-01],\n",
       "       [ 4.1200000e+02,  7.2400000e+02,  8.6066049e-01],\n",
       "       [ 3.9600000e+02,  9.2400000e+02,  8.7252277e-01],\n",
       "       [ 4.6000000e+02,  7.6000000e+01,  7.6979285e-01],\n",
       "       [ 4.9200000e+02,  7.6000000e+01,  7.8465724e-01],\n",
       "       [ 4.2800000e+02,  1.1600000e+02,  7.2674561e-01],\n",
       "       [ 5.0800000e+02,  1.1600000e+02,  6.5291649e-01]], dtype=float32)"
      ]
     },
     "execution_count": 10,
     "metadata": {},
     "output_type": "execute_result"
    }
   ],
   "source": [
    "# In this step each row represents (X, Y, probability)\n",
    "# if there is no data found probability == -1 \n",
    "# You can see it for body center at index 2\n",
    "\n",
    "output_2d[0][0:-1].reshape((-1, 3))"
   ]
  },
  {
   "cell_type": "code",
   "execution_count": 7,
   "metadata": {},
   "outputs": [
    {
     "data": {
      "text/plain": [
       "array([[ 4.6800000e+02,  4.6800000e+02, -1.0000000e+00,  5.5600000e+02,\n",
       "         6.9200000e+02,  8.2000000e+02,  5.3200000e+02,  5.4800000e+02,\n",
       "         5.7200000e+02,  3.7200000e+02,  2.4400000e+02,  1.0800000e+02,\n",
       "         4.2800000e+02,  4.1200000e+02,  3.9600000e+02,  4.6000000e+02,\n",
       "         4.9200000e+02,  4.2800000e+02,  5.0800000e+02],\n",
       "       [ 2.0400000e+02,  8.4000000e+01, -1.0000000e+00,  2.0400000e+02,\n",
       "         2.3600000e+02,  2.1200000e+02,  5.0000000e+02,  7.2400000e+02,\n",
       "         9.3200000e+02,  2.1200000e+02,  2.3600000e+02,  2.2800000e+02,\n",
       "         5.0000000e+02,  7.2400000e+02,  9.2400000e+02,  7.6000000e+01,\n",
       "         7.6000000e+01,  1.1600000e+02,  1.1600000e+02],\n",
       "       [ 9.4679272e-01,  7.9522622e-01, -1.0000000e+00,  9.0535182e-01,\n",
       "         9.7329307e-01,  9.2068040e-01,  7.8664982e-01,  8.5479528e-01,\n",
       "         8.6326826e-01,  9.0301907e-01,  9.3274993e-01,  9.4893259e-01,\n",
       "         7.7029103e-01,  8.6066049e-01,  8.7252277e-01,  7.6979285e-01,\n",
       "         7.8465724e-01,  7.2674561e-01,  6.5291649e-01]], dtype=float32)"
      ]
     },
     "execution_count": 7,
     "metadata": {},
     "output_type": "execute_result"
    }
   ],
   "source": [
    "# First array includes X values\n",
    "# Second array includes Y values\n",
    "# Third array includes Probablity values\n",
    "np.array(output_2d[0][0:-1]).reshape((-1, 3)).transpose()"
   ]
  },
  {
   "cell_type": "code",
   "execution_count": 18,
   "metadata": {},
   "outputs": [
    {
     "data": {
      "text/plain": [
       "(1, 76)"
      ]
     },
     "execution_count": 18,
     "metadata": {},
     "output_type": "execute_result"
    }
   ],
   "source": [
    "output_3d.shape"
   ]
  },
  {
   "cell_type": "code",
   "execution_count": 13,
   "metadata": {},
   "outputs": [
    {
     "data": {
      "text/plain": [
       "array([  1.7042829 , -48.80735   , 117.6024    ,   0.9467927 ,\n",
       "         1.6428919 , -64.92284   , 103.97016   ,   0.7952262 ,\n",
       "         2.6514637 ,   0.4538461 , 123.68647   ,  -1.        ,\n",
       "        14.399295  , -51.475468  , 124.7803    ,   0.9053518 ,\n",
       "        38.083683  , -40.8102    , 124.079     ,   0.97329307,\n",
       "        58.474243  , -45.775066  , 110.81941   ,   0.9206804 ,\n",
       "         8.101814  ,  -1.6204299 , 131.71086   ,   0.7866498 ,\n",
       "        12.644009  ,  33.131016  , 143.01453   ,   0.8547953 ,\n",
       "        18.135437  ,  67.72632   , 157.54741   ,   0.86326826,\n",
       "        -9.098     , -49.782078  , 116.98078   ,   0.9030191 ,\n",
       "       -35.90142   , -44.803444  , 121.69339   ,   0.9327499 ,\n",
       "       -48.46699   , -54.038162  , 118.40572   ,   0.9489326 ,\n",
       "       -10.999873  ,  -1.6697692 , 131.37958   ,   0.77029103,\n",
       "       -12.438702  ,  33.04743   , 140.95082   ,   0.8606605 ,\n",
       "       -12.462727  ,  67.656525  , 157.04054   ,   0.8725228 ,\n",
       "         1.4587829 , -65.916626  , 104.7222    ,   0.76979285,\n",
       "         6.3915153 , -63.372826  , 113.84957   ,   0.78465724,\n",
       "        -2.1604683 , -66.964226  , 106.374374  ,   0.7267456 ,\n",
       "        -5.3676915 , -64.07578   , 111.86209   ,   0.6529165 ],\n",
       "      dtype=float32)"
      ]
     },
     "execution_count": 13,
     "metadata": {},
     "output_type": "execute_result"
    }
   ],
   "source": [
    "output_3d[0]"
   ]
  },
  {
   "cell_type": "code",
   "execution_count": 19,
   "metadata": {},
   "outputs": [
    {
     "data": {
      "text/plain": [
       "array([[  1.7042829 , -48.80735   , 117.6024    ,   0.9467927 ],\n",
       "       [  1.6428919 , -64.92284   , 103.97016   ,   0.7952262 ],\n",
       "       [  2.6514637 ,   0.4538461 , 123.68647   ,  -1.        ],\n",
       "       [ 14.399295  , -51.475468  , 124.7803    ,   0.9053518 ],\n",
       "       [ 38.083683  , -40.8102    , 124.079     ,   0.97329307],\n",
       "       [ 58.474243  , -45.775066  , 110.81941   ,   0.9206804 ],\n",
       "       [  8.101814  ,  -1.6204299 , 131.71086   ,   0.7866498 ],\n",
       "       [ 12.644009  ,  33.131016  , 143.01453   ,   0.8547953 ],\n",
       "       [ 18.135437  ,  67.72632   , 157.54741   ,   0.86326826],\n",
       "       [ -9.098     , -49.782078  , 116.98078   ,   0.9030191 ],\n",
       "       [-35.90142   , -44.803444  , 121.69339   ,   0.9327499 ],\n",
       "       [-48.46699   , -54.038162  , 118.40572   ,   0.9489326 ],\n",
       "       [-10.999873  ,  -1.6697692 , 131.37958   ,   0.77029103],\n",
       "       [-12.438702  ,  33.04743   , 140.95082   ,   0.8606605 ],\n",
       "       [-12.462727  ,  67.656525  , 157.04054   ,   0.8725228 ],\n",
       "       [  1.4587829 , -65.916626  , 104.7222    ,   0.76979285],\n",
       "       [  6.3915153 , -63.372826  , 113.84957   ,   0.78465724],\n",
       "       [ -2.1604683 , -66.964226  , 106.374374  ,   0.7267456 ],\n",
       "       [ -5.3676915 , -64.07578   , 111.86209   ,   0.6529165 ]],\n",
       "      dtype=float32)"
      ]
     },
     "execution_count": 19,
     "metadata": {},
     "output_type": "execute_result"
    }
   ],
   "source": [
    "# Same structure [X, Y, Z, proba]\n",
    "\n",
    "output_3d[0].reshape((-1, 4))"
   ]
  },
  {
   "cell_type": "code",
   "execution_count": 16,
   "metadata": {},
   "outputs": [
    {
     "data": {
      "text/plain": [
       "array([[  1.7042829 ,   1.6428919 ,   2.6514637 ,  14.399295  ,\n",
       "         38.083683  ,  58.474243  ,   8.101814  ,  12.644009  ,\n",
       "         18.135437  ,  -9.098     , -35.90142   , -48.46699   ,\n",
       "        -10.999873  , -12.438702  , -12.462727  ,   1.4587829 ,\n",
       "          6.3915153 ,  -2.1604683 ,  -5.3676915 ],\n",
       "       [-48.80735   , -64.92284   ,   0.4538461 , -51.475468  ,\n",
       "        -40.8102    , -45.775066  ,  -1.6204299 ,  33.131016  ,\n",
       "         67.72632   , -49.782078  , -44.803444  , -54.038162  ,\n",
       "         -1.6697692 ,  33.04743   ,  67.656525  , -65.916626  ,\n",
       "        -63.372826  , -66.964226  , -64.07578   ],\n",
       "       [117.6024    , 103.97016   , 123.68647   , 124.7803    ,\n",
       "        124.079     , 110.81941   , 131.71086   , 143.01453   ,\n",
       "        157.54741   , 116.98078   , 121.69339   , 118.40572   ,\n",
       "        131.37958   , 140.95082   , 157.04054   , 104.7222    ,\n",
       "        113.84957   , 106.374374  , 111.86209   ],\n",
       "       [  0.9467927 ,   0.7952262 ,  -1.        ,   0.9053518 ,\n",
       "          0.97329307,   0.9206804 ,   0.7866498 ,   0.8547953 ,\n",
       "          0.86326826,   0.9030191 ,   0.9327499 ,   0.9489326 ,\n",
       "          0.77029103,   0.8606605 ,   0.8725228 ,   0.76979285,\n",
       "          0.78465724,   0.7267456 ,   0.6529165 ]], dtype=float32)"
      ]
     },
     "execution_count": 16,
     "metadata": {},
     "output_type": "execute_result"
    }
   ],
   "source": [
    "# First array includes X values\n",
    "# Second array includes Y values\n",
    "# Third array includes Z values\n",
    "# Fourth array includes Proba values \n",
    "\n",
    "output_3d[0].reshape((-1, 4)).transpose()"
   ]
  },
  {
   "cell_type": "code",
   "execution_count": null,
   "metadata": {},
   "outputs": [],
   "source": []
  }
 ],
 "metadata": {
  "kernelspec": {
   "display_name": "deepLearning",
   "language": "python",
   "name": "deeplearning"
  },
  "language_info": {
   "codemirror_mode": {
    "name": "ipython",
    "version": 3
   },
   "file_extension": ".py",
   "mimetype": "text/x-python",
   "name": "python",
   "nbconvert_exporter": "python",
   "pygments_lexer": "ipython3",
   "version": "3.8.2"
  }
 },
 "nbformat": 4,
 "nbformat_minor": 4
}
